inversed = [3.263605, 13.000264, 52.035705, ]
sorted = [3.190134, 12.533366, 49.868602, ]
random = [3.133612, 12.563381, 50.082762, ]
inversed = [0.000000, 0.000000, 0.000000, 0.000000, ]
sorted = [0.000000, 0.000000, 0.000000, 0.000000, ]
random = [0.000000, 0.000000, 0.000000, 0.000000, ]
inversed = [0.000000, 0.000000, 0.000000, 0.000000, 918.292172, ]
sorted = [0.000000, 0.000000, 0.000000, 0.000000, 846.771313, ]
random = [0.000000, 0.000000, 0.000000, 0.000000, 857.088553, ]
