inversed_results = [3.263605, 13.000264, 52.035705, 918.292172]
sorted_results = [3.190134, 12.533366, 49.868602, 846.771313]
random_results = [3.133612, 12.563381, 50.082762, 857.088553]